3 3391 1226 3503 1445
2 3995 1139 4266 1222
3 3759 1387 3901 1584
3 3439 1520 3683 1644
2 3093 1402 3176 1647
3 2686 1285 2794 1541
2 3083 1875 3219 2101
1 4296 1111 4492 1196
3 3450 1223 3603 1449
1 3900 1363 4018 1530
2 4958 837 5150 897
4 4387 930 4707 1129
3 3717 1107 4024 1275
3 2768 1604 3090 1685
2 2509 1836 2791 1929
3 4821 1080 5002 1269
3 4254 1252 4494 1363
3 3201 1724 3429 1893
3 4991 615 5183 851
3 4016 1344 4127 1633
3 2573 1646 2896 1745
3 2755 1221 2867 1526
3 4999 1017 5123 1281
3 2877 1416 3127 1646
3 3122 1735 3409 1965
3 3695 1456 3977 1686
3 2829 1784 3114 1972
3 3445 1146 3740 1353
3 2621 1916 2873 2123
3 3208 1187 3388 1430
3 3394 1550 3669 1778
3 4133 1306 4275 1598
