1 4105 1528 4168 1602
2 2836 1252 2959 1369
3 2932 1238 3069 1419
2 2147 1164 2302 1338
3 3614 1294 3855 1423
3 2816 1522 3055 1634
3 4327 1544 4461 1752
2 2303 1437 2519 1606
3 2387 1255 2610 1380
3 3625 1487 3802 1689
3 2759 1477 2986 1617
2 3275 1245 3355 1440
3 2686 1110 2827 1347
3 3354 1545 3574 1660
2 2505 1460 2586 1649
3 4117 1581 4323 1721
3 3063 1512 3291 1656
3 4449 1399 4581 1551
3 3864 1181 3953 1435
3 3678 1516 3921 1713
3 2953 1522 3076 1759
2 2598 1451 2803 1523
3 2623 1167 2803 1391
3 4039 1343 4202 1504
3 3351 1313 3574 1468
3 4690 1394 4850 1655
3 3012 1244 3263 1417
