3 4209 1192 4489 1457
1 3382 1134 3516 1318
2 2748 1287 2931 1360
1 2590 1628 2754 1701
1 2545 1468 2655 1636
3 3011 1465 3282 1538
2 3359 1436 3623 1539
2 2186 1491 2416 1586
2 4238 1139 4471 1308
2 3991 1313 4209 1560
3 3194 1348 3483 1477
2 2717 1550 2999 1631
2 2255 1526 2446 1684
2 1912 1535 2174 1647
2 2232 1742 2492 1894
2 2721 1382 2943 1514
2 1962 1700 2211 1808
3 4130 1345 4495 1565
3 3522 1281 3895 1396
2 3374 1505 3622 1703
2 2918 1190 3187 1317
3 2759 1672 3017 1839
2 3022 1057 3234 1281
3 3050 1539 3329 1779
