2 3214 1217 3372 1493
3 2894 1323 3128 1496
2 2104 1629 2297 1794
2 2860 1593 3042 1837
3 2667 1696 2859 1891
2 1847 1546 2024 1652
2 2545 1382 2686 1567
3 2359 1439 2673 1565
3 4590 1046 4791 1260
2 1807 1351 1927 1552
3 2146 1701 2345 1917
3 2555 1678 2833 1856
3 3264 1147 3396 1450
2 3416 1336 3648 1417
2 3915 1276 4039 1510
2 3811 1106 4001 1255
3 1865 1285 2061 1537
3 3650 1230 3959 1367
1 4367 1167 4468 1332
3 4139 1084 4431 1239
2 3154 1305 3379 1477
3 2268 1478 2585 1598
3 2643 1371 2882 1589
2 3019 1580 3121 1823
3 2716 1341 2986 1562
3 4453 907 4745 1032
3 2378 1612 2603 1877
2 4636 774 4806 977
3 3241 1552 3392 1867
2 1666 1642 1827 1813
3 2057 1418 2296 1600
3 3449 1466 3723 1693
2 1404 1524 1577 1712
3 1342 1211 1555 1482
3 1840 1581 2072 1871
