3315 1191 3523 1374
4415 1435 4603 1552
2799 1465 2932 1610
2690 1445 2868 1537
3527 1455 3632 1571
4690 1388 4802 1500
2223 1443 2354 1574
4890 1403 5139 1491
4190 1163 4270 1366
4783 1374 4870 1555
4483 1259 4564 1373
2599 1448 2695 1603
2036 1394 2243 1489
4219 1443 4325 1520
4630 1259 4872 1371
2689 1247 2854 1386
2140 1177 2243 1354
2259 1244 2431 1364
4467 1447 4616 1616
5013 1423 5199 1610
2376 1409 2609 1502
3406 1186 3553 1367
3269 1195 3427 1372
2995 1199 3100 1401
2965 1461 3107 1647
3760 1187 3943 1371
3807 1440 3930 1686
3171 1422 3327 1651
