3 4110 1239 4214 1492
2 2248 1641 2494 1751
2 1625 1396 1798 1547
3 1792 1351 1961 1544
2 3764 1381 3945 1575
2 3657 1633 3954 1739
3 2202 1450 2461 1569
3 4498 1508 4801 1619
2 1689 1357 1805 1531
2 1538 1448 1766 1557
3 1833 1648 2176 1745
2 2037 1412 2234 1553
1 2422 1621 2533 1782
2 2343 1317 2478 1518
3 2874 1369 2994 1600
3 1638 1588 1967 1676
3 3953 1277 4188 1526
3 4723 1641 4898 1916
3 4524 1644 4774 1891
3 2156 1659 2291 1976
3 2593 1390 2845 1589
3 4891 1350 5097 1682
3 4694 1184 4899 1503
