3 3984 1354 4149 1519
3 3203 1446 3404 1561
2 3027 1236 3116 1402
2 4477 1420 4543 1622
2 4499 1459 4580 1631
2 3776 1454 3933 1510
3 2006 1633 2204 1706
2 2401 1416 2499 1548
2 2637 1442 2806 1505
2 2955 1209 3033 1407
3 3562 1463 3749 1538
3 4376 1478 4455 1685
3 3337 1206 3420 1401
3 3710 1294 3807 1455
1 2596 1537 2746 1622
2 2251 1438 2361 1602
2 2797 1279 2893 1416
3 2877 1570 3050 1684
1 3323 1515 3423 1629
2 2078 1507 2224 1611
3 3165 1422 3413 1525
3 2789 1445 3024 1516
3 3118 1554 3308 1673
3 3694 1534 3790 1734
3 3593 1309 3720 1471
3 4294 1449 4361 1700
2 2685 1245 2774 1402
3 3120 1144 3208 1378
2 4040 1317 4158 1500
3 4569 1722 4706 1921
3 2761 1579 2957 1738
3 3901 1382 4098 1515
3 3803 1537 3979 1690
3 4599 1521 4810 1712
