2 1426 1690 1675 1783
2 1954 1920 2132 2031
2 1989 1882 2148 2068
3 2962 1600 3209 1748
2 1931 1683 2162 1843
3 3733 1595 3863 1871
3 2660 1545 2939 1653
3 1570 1879 1809 2017
2 4965 1033 5033 1127
3 1689 1830 1922 1964
2 2111 1909 2227 2152
3 4881 642 5101 767
2 4836 967 5004 1095
2 3945 1279 4148 1436
2 2328 1718 2573 1823
2 3296 1678 3448 1853
2 2060 1901 2178 2171
2 2157 1907 2242 2130
3 2370 1503 2597 1646
3 3581 1449 3856 1561
3 3342 1392 3547 1589
3 3065 1730 3203 1998
3 3644 1610 3815 1889
3 1654 1438 1829 1606
3 2420 1850 2609 2099
3 2723 1725 2865 1983
2 1810 1378 1913 1609
3 2796 1697 2983 1929
2 3887 1629 4002 1836
3 3176 1232 3440 1338
3 3047 1424 3321 1547
2 2093 1594 2245 1810
3 4653 1081 4914 1199
3 2711 1353 3022 1476
3 1652 1605 1894 1802
3 4004 1462 4163 1754
3 1759 1891 1984 2055
2 1046 1451 1251 1617
3 2341 1823 2573 2046
