3 5017 1473 5160 1596
3 2396 1501 2591 1663
2 3864 1314 4076 1432
2 4219 1488 4436 1585
3 3307 1481 3562 1559
3 2826 1350 3023 1465
2 5077 1318 5202 1456
2 3862 1350 4066 1473
3 3040 1543 3274 1626
3 3400 1491 3626 1634
2 1867 1476 2033 1647
3 3674 1538 3832 1761
3 2081 1488 2304 1622
2 2344 1376 2563 1458
3 2463 1491 2640 1666
2 3592 1519 3780 1660
3 2570 1395 2780 1479
3 3121 1374 3306 1524
2 1903 1240 2051 1427
2 2593 1542 2782 1660
3 3309 1385 3560 1468
3 2855 1533 3023 1770
3 3553 1382 3824 1475
3 4361 1507 4478 1747
3 4676 1496 4843 1737
3 4226 1301 4451 1463
3 3127 1583 3329 1802
3 3931 1500 4104 1732
