2726 1647 2974 1755
5034 1449 5317 1562
1901 2119 2060 2331
3877 1545 4168 1650
2731 1805 2950 1875
2882 2646 3035 2786
3566 1575 3848 1687
4916 1466 5131 1589
3567 1417 3792 1533
4996 1415 5282 1487
2333 2298 2415 2491
2988 2638 3244 2799
2786 1438 3071 1511
3553 1649 3829 1773
3862 1481 4146 1592
2431 1499 2701 1575
2228 1724 2503 1815
3719 1678 3867 1909
2088 1570 2378 1637
2815 2731 3039 2849
1784 1632 2063 1753
2130 2244 2313 2484
4611 1527 4836 1643
2973 1626 3227 1720
3534 1347 3794 1427
4225 1494 4481 1618
3297 1544 3563 1685
3154 1354 3432 1443
2973 1735 3275 1860
3747 1292 3983 1441
2472 2385 2734 2608
3352 1717 3558 1948
2475 1611 2719 1801
4207 1608 4459 1806
