3170 907 3389 988
3946 647 4074 733
3892 867 4084 993
3294 1195 3366 1341
3691 851 3800 993
3880 731 4048 826
3107 1107 3349 1222
2643 879 2761 1040
3742 835 3823 987
3858 1203 3982 1354
4840 719 5104 794
4678 876 4947 943
3351 1334 3425 1446
2647 1062 2919 1153
3782 724 3893 845
3574 849 3735 976
2599 1437 2805 1543
4591 812 4701 882
2430 805 2627 919
3288 761 3383 914
3271 951 3466 1079
4167 892 4339 1051
3394 1115 3627 1200
4112 657 4336 783
4473 966 4674 1039
4762 633 5076 733
2724 1160 2964 1261
4091 1101 4208 1250
2988 699 3124 869
2855 962 3132 1064
2297 1114 2395 1389
2750 866 2994 1010
3668 1395 3791 1641
3985 1612 4132 1809
3954 955 4088 1243
3870 1517 4010 1763
