3 1927 1465 2062 1628
2 4072 1262 4201 1380
3 1982 1458 2087 1632
3 4004 1214 4182 1285
2 2614 1470 2743 1629
2 1429 1480 1651 1597
3 3506 1519 3621 1775
2 3903 1400 4060 1516
3 3603 1334 3845 1399
2 1846 1711 2003 1831
2 2815 1528 2989 1638
2 1684 1509 1814 1606
3 4475 1215 4555 1422
2 4263 1094 4479 1199
2 2504 1690 2567 1930
3 2218 1663 2348 1882
3 2317 1456 2476 1612
3 2996 1432 3232 1548
3 1819 1475 1983 1599
3 4632 1102 4876 1198
3 2390 1684 2505 1930
2 4156 1283 4256 1473
3 2198 1688 2270 1939
3 3474 1537 3572 1761
3 1370 1372 1527 1541
2 1596 1656 1724 1829
2 1954 1739 2048 1919
3 4446 953 4692 1077
3 2679 1373 2790 1596
3 4347 1232 4471 1416
3 4949 1021 5013 1245
3 2014 1650 2202 1789
3 3573 1523 3662 1770
3 2593 1651 2801 1776
3 4714 878 4897 1045
3 3341 1321 3524 1506
3 1757 1649 1848 1890
3 4999 816 5180 995
3 3763 1444 3883 1672
3 3058 1359 3247 1508
3 2833 1632 3005 1860
3 3028 1571 3243 1746
3 2211 1381 2380 1591
