3 3071 1549 3314 1743
3 2691 1336 2955 1426
3 2807 1863 3073 1991
1 4417 909 4604 1050
3 3042 1555 3222 1772
2 2035 1381 2315 1479
2 2015 1654 2268 1762
1 4259 1317 4388 1506
3 3447 1393 3788 1486
2 3839 1242 4108 1324
1 4377 957 4578 1072
3 3721 1584 3892 1813
2 3107 1264 3321 1469
2 3814 1319 4099 1404
1 4125 1223 4329 1310
3 2315 1662 2646 1785
3 3168 1534 3476 1676
3 2729 1800 3045 1908
3 2844 1245 3066 1360
2 2013 1295 2304 1446
3 2375 1244 2623 1444
3 2297 1720 2638 1868
3 2842 1544 3152 1667
1 4473 867 4622 1015
3 3417 1191 3551 1439
2 2466 1512 2653 1689
2 1806 1375 2021 1521
2 2365 1484 2594 1632
2 3588 1521 3825 1686
2 3918 1414 4147 1630
3 2633 1441 2931 1626
2 1840 1555 2052 1719
3 2726 1625 3026 1836
3 3389 1542 3560 1828
