4861 625 5101 751
2835 1562 3085 1685
1932 1564 2141 1662
3217 1717 3297 1946
3003 1460 3216 1637
3262 1704 3436 1795
4065 1516 4140 1683
3763 1624 3857 1780
5166 676 5354 807
4979 823 5124 1098
4862 711 5095 899
2188 1503 2360 1618
4609 1024 4767 1269
2513 1466 2716 1659
3133 1690 3238 1968
2162 1609 2423 1696
2405 1479 2661 1623
3368 1722 3513 1950
1505 1797 1665 1981
3202 1468 3307 1644
2632 1711 2775 1970
1383 1697 1528 1894
2834 1304 2998 1557
4264 1334 4409 1617
3521 1680 3716 1879
2759 1753 3000 1973
