2 3582 1719 3687 1945
0 4568 1428 4728 1555
3 2449 1295 2570 1440
3 3177 1372 3372 1451
2 4907 1281 5158 1394
3 3957 1261 4151 1343
3 4905 1214 5193 1291
3 3045 1377 3223 1587
1 4483 1374 4569 1452
2 2690 1792 2786 2020
3 2560 1634 2835 1732
1 4856 1174 4989 1268
1 4867 1346 4973 1487
3 2415 1715 2680 1796
3 2943 1658 3078 1869
3 2891 1677 3041 1896
3 2781 1654 2879 1875
4 3911 1092 4171 1253
3 2537 1431 2769 1587
3 2886 1338 3022 1581
3 3495 1616 3651 1876
3 2564 1327 2782 1420
3 3602 1189 3711 1399
3 3300 1569 3574 1689
3 4001 1464 4145 1633
2 2779 1236 2870 1416
3 4769 1124 4954 1302
3 3767 1503 3927 1778
3 3843 1555 4019 1806
3 4576 1211 4787 1406
3 4326 1484 4531 1574
3 3592 1441 3765 1682
3 2435 1765 2653 1953
3 3416 1302 3563 1532
