4645 1227 4723 1417
3410 1213 3685 1292
4703 1493 4937 1749
3747 1353 3975 1520
4870 1522 4981 1778
4091 1348 4384 1440
2218 1396 2413 1564
3902 1395 4011 1691
2664 1346 2896 1517
3033 1082 3182 1258
2725 1402 2895 1666
2446 1206 2671 1316
5081 1206 5148 1492
3496 1102 3712 1272
2496 1341 2690 1534
4408 1264 4682 1417
1821 1287 2097 1360
4828 1670 5121 1817
5116 1306 5243 1534
4120 1225 4393 1356
4398 1446 4705 1629
4913 1300 5099 1525
2471 1083 2682 1277
1567 1320 1780 1490
5083 1690 5212 2007
2326 1428 2426 1710
4747 1206 4960 1440
1531 1525 1831 1645
3015 1334 3164 1638
3199 1046 3394 1279
3793 1157 4048 1344
1862 1410 2148 1607
4130 1419 4405 1573
2289 1054 2394 1331
3509 1315 3725 1586
2911 1036 3095 1269
3181 1333 3404 1626
