1 4353 1409 4561 1510
2 3421 1469 3635 1606
1 2753 1432 2861 1546
2 4067 1493 4158 1692
2 3380 1461 3575 1579
2 2744 1638 2856 1811
3 3421 1352 3659 1435
3 4195 1193 4258 1419
3 3959 1295 4135 1427
3 3822 1372 4054 1450
2 2926 1499 3138 1589
1 4396 1322 4561 1393
2 3555 1470 3669 1652
3 3302 1765 3458 1955
2 2837 1746 3029 1854
3 3733 1710 3888 1933
2 2650 1422 2844 1564
2 3674 1486 3838 1636
2 3447 1234 3606 1369
3 4042 1194 4173 1413
2 3962 1461 4135 1594
3 3675 1247 3868 1432
3 2952 1375 3142 1554
3 3211 1788 3312 2076
3 4460 1434 4574 1706
