3525 1531 3726 1718
1121 1618 1236 1882
3457 1511 3681 1665
1958 1317 2113 1505
2174 1455 2384 1567
3417 1381 3706 1491
1155 1272 1407 1529
1897 1437 2067 1533
2576 1421 2797 1568
1225 1258 1576 1523
1507 1365 1725 1550
2358 1555 2561 1758
3673 1521 4011 1652
4349 1120 4455 1410
3837 1346 4025 1464
3291 1562 3412 1843
1160 1589 1484 1812
2799 1449 3145 1578
2588 1585 2824 1825
4887 1301 5177 1483
2320 1272 2558 1523
1898 1604 2169 1801
4679 1414 4835 1708
3126 1549 3361 1752
3906 1526 4046 1838
4808 1193 5183 1327
3209 1179 3429 1507
