3 2545 1509 2809 1575
3 2825 1383 3001 1546
2 2778 1171 2948 1301
1 1821 1624 2055 1729
2 2079 1391 2179 1566
3 2879 1331 3030 1538
2 3476 1212 3576 1398
3 2969 1216 3250 1293
2 1667 1453 1916 1531
2 2736 1542 2863 1810
1 1791 1354 1924 1457
2 2675 1080 2873 1243
3 2441 1322 2709 1419
2 3318 1317 3444 1601
2 3692 1348 3885 1466
2 3077 1605 3245 1813
1 3803 1172 3898 1319
2 3933 1516 4148 1604
2 2218 1358 2397 1527
3 3647 1558 3947 1648
3 3012 1342 3239 1540
3 3326 1594 3503 1874
2 2499 1689 2687 1877
