2020 1643 2206 1866
2768 1577 3051 1710
2223 1642 2368 1870
2278 1654 2395 1933
4304 1509 4424 1641
2722 1550 3009 1657
4591 1325 4793 1433
2852 1623 3060 1737
3453 1593 3623 1806
2349 1681 2446 1960
2145 1657 2343 1824
3740 1543 4038 1652
3374 1444 3622 1567
3730 1405 4023 1534
3107 1528 3371 1628
2699 1421 3012 1570
4492 1278 4782 1390
3517 1277 3660 1526
1996 1644 2130 1883
4089 1365 4429 1477
2078 1339 2314 1550
3144 1620 3347 1787
2502 1433 2705 1624
4146 1492 4380 1674
3037 1284 3304 1538
2695 1675 2906 1994
