3 2685 1296 2888 1518
2 1737 1430 1924 1507
2 3348 1425 3595 1547
2 1784 1299 1965 1458
2 2343 1580 2568 1685
3 2490 1363 2623 1561
2 4181 1440 4376 1587
2 1995 1287 2118 1552
3 2600 1387 2846 1544
4 3264 1626 3509 1896
1 3195 1457 3280 1562
2 1605 1278 1671 1468
3 2772 1272 2909 1489
2 3567 1233 3687 1497
3 3733 1539 4026 1656
4 2885 1323 3221 1511
2 2061 1601 2272 1702
2 1485 1528 1686 1620
3 4308 1110 4395 1388
2 4499 1191 4735 1288
3 3349 1325 3588 1486
3 3625 1582 3912 1766
3 4373 1430 4550 1710
3 4553 993 4749 1226
3 4787 1266 4975 1457
3 2626 1537 2892 1674
3 2270 1294 2466 1509
3 4017 1537 4140 1832
3 3899 1152 4035 1476
