2 2392 1513 2590 1606
3 3663 1576 3885 1678
3 4114 1173 4215 1429
2 4446 1737 4539 1844
3 3361 1486 3573 1581
2 4366 1446 4493 1575
2 3348 1162 3536 1243
2 3136 1420 3268 1550
2 3488 1081 3576 1248
3 4199 1759 4425 1891
2 3842 1185 4002 1315
3 3932 1640 4150 1732
3 4183 1202 4295 1467
2 2625 1375 2834 1495
3 4372 1328 4522 1538
3 3358 1315 3538 1499
3 4660 1415 4753 1647
2 4646 1520 4713 1675
3 3303 1572 3558 1651
2 4268 1639 4421 1776
2 3551 1319 3708 1415
3 3649 1550 3876 1638
2 3733 1132 3824 1276
3 2836 1327 3044 1501
2 3507 1082 3623 1261
3 4147 1153 4250 1440
3 4186 1563 4444 1626
2 3887 1173 4048 1303
3 4223 1222 4332 1459
3 3935 1758 4149 1866
2 3857 1393 4052 1545
2 4080 1515 4267 1611
3 3903 1494 4149 1626
2 3099 1149 3287 1261
2 3251 1339 3328 1545
2 3050 1315 3139 1487
2 4558 1713 4708 1793
2 2637 1577 2825 1672
3 3004 1564 3280 1624
3 4200 1845 4427 1968
2 2851 1537 3061 1619
3 3438 1596 3623 1726
2 3729 1331 3851 1527
2 2427 1546 2605 1701
3 4281 1884 4529 2027
3 4551 1851 4648 2138
