3 3327 1641 3427 1857
3 2547 1549 2657 1825
3 3586 1489 3777 1682
4 3370 1256 3560 1483
3 3320 1296 3518 1509
3 3767 1567 3978 1815
3 4040 1292 4332 1415
3 2577 1598 2756 1815
2 2548 1335 2693 1561
3 2977 1373 3267 1509
3 3792 1514 3924 1701
3 2330 1396 2562 1496
3 4464 1399 4692 1675
3 4243 1211 4570 1359
2 3359 1549 3530 1733
3 3660 1322 3909 1450
3 2737 1702 2828 1970
3 2850 1248 3012 1516
3 4601 1441 4793 1686
3 3531 1509 3718 1752
3 2297 1639 2500 1869
3 3181 1594 3351 1854
3 4119 1493 4304 1764
3 4748 1423 4886 1707
3 4424 1168 4686 1376
3 3920 1225 4174 1445
3 2775 1594 3022 1798
