2 3130 1614 3309 1709
2 3162 1448 3405 1540
3 3793 1584 4083 1692
3 4639 1363 4854 1629
3 2661 1272 2823 1482
3 3161 1586 3404 1702
3 2662 1244 2754 1518
4 4427 1725 4755 1896
3 4572 1394 4794 1636
3 4105 1668 4296 1892
3 4711 1342 4928 1614
3 3420 1383 3675 1554
3 3856 1313 4114 1562
3 4297 1303 4483 1588
3 3446 1546 3726 1684
3 4203 1649 4497 1813
4 3774 1661 4109 1851
3 2659 1522 2888 1777
3 4628 1674 4882 1924
4 2401 1276 2644 1512
3 3738 1315 3838 1559
3 2877 1145 2981 1438
3 2999 1588 3164 1888
3 3570 1600 3726 1886
3 3639 1236 3743 1518
3 3325 1232 3499 1499
3 2947 1281 3155 1507
