3 3489 1329 3660 1509
2 3434 1425 3656 1539
3 3756 1566 3943 1719
2 2695 1606 2880 1758
2 2908 1461 3158 1534
3 3183 1596 3419 1683
2 4889 1346 5072 1505
3 4823 1434 5034 1538
3 4054 1470 4303 1553
2 2435 1441 2627 1547
2 4921 1551 5058 1664
3 2244 1456 2472 1587
3 2696 1322 2871 1515
3 2384 1583 2633 1700
3 3238 1441 3453 1565
2 2173 1635 2397 1725
3 1746 1408 1887 1617
3 3048 1564 3182 1780
3 3431 1570 3678 1685
2 1607 1634 1861 1728
3 2964 1295 3179 1477
3 4189 1314 4326 1515
3 3885 1611 4010 1900
3 3754 1317 3945 1553
3 4082 1555 4323 1719
3 1907 1430 2157 1601
3 4508 1311 4690 1534
