3 3260 1530 3432 1829
3 2348 1592 2631 1682
3 2876 1600 3130 1752
2 3553 1590 3686 1848
3 2076 1566 2344 1684
2 4387 1439 4592 1721
1 3063 1631 3175 1770
3 2366 1655 2633 1817
3 3176 1550 3403 1768
3 2733 1586 2915 1806
3 3595 1398 3915 1488
3 4708 1418 4821 1792
2 2713 1398 2953 1518
3 3336 1539 3439 1870
2 5109 1307 5241 1566
2 3742 1479 3931 1645
3 2203 1399 2534 1494
3 3889 1365 4221 1477
3 4813 1427 4940 1790
2 4293 1275 4565 1412
3 4200 1496 4318 1891
3 2406 1726 2685 1933
3 4520 1129 4821 1370
