1 2809 1283 2923 1396
2 3425 1541 3691 1617
2 2385 1400 2487 1621
3 2473 1518 2724 1625
2 2663 1269 2902 1427
2 3501 1418 3655 1548
3 4511 1281 4667 1615
2 4393 1623 4652 1739
2 2932 1325 3196 1517
2 3076 1175 3193 1454
3 1817 1325 2098 1444
3 2123 1221 2415 1380
2 3691 1561 4027 1684
3 1940 1480 2295 1557
3 2151 1137 2441 1314
3 4142 1348 4361 1598
2 2471 1251 2661 1432
2 4043 1625 4348 1765
3 4474 1282 4606 1616
2 3302 1193 3453 1433
3 4318 1687 4631 1864
3 4587 1266 4707 1611
3 3965 1195 4084 1536
2 4919 1471 5105 1714
