1 2599 1410 2713 1550
3 4620 1345 4784 1435
2 1593 1428 1835 1486
1 2616 1745 2803 1816
2 4710 1443 4813 1636
2 2761 1628 2972 1722
2 4019 1484 4145 1689
2 4302 1362 4542 1449
3 3736 1448 4005 1534
2 4940 1371 5010 1538
2 3260 1493 3500 1570
2 3735 1571 3841 1761
3 2074 1443 2361 1518
2 3016 1640 3210 1777
2 3028 1482 3210 1620
3 4252 1281 4532 1387
2 1575 1528 1794 1624
3 2889 1295 3001 1566
3 2379 1657 2643 1777
3 2642 1340 2885 1499
3 3435 1562 3537 1843
3 4140 1515 4305 1777
3 1871 1536 2110 1698
3 4033 1325 4297 1484
3 2268 1372 2513 1525
3 4823 1066 5022 1310
