3 2692 1560 2963 1755
3 2630 1274 2869 1369
2 3670 1296 3847 1454
1 4403 1563 4636 1650
2 3935 1351 4069 1505
2 5019 1445 5171 1624
3 2059 1620 2319 1701
2 3015 1457 3204 1591
2 1530 1557 1782 1655
3 1545 1687 1822 1756
2 2761 1377 2981 1469
1 4807 1342 4936 1537
3 2360 1397 2634 1487
3 2630 1597 2895 1744
3 3777 1501 4061 1587
2 1843 1454 2021 1617
3 4869 1680 5163 1799
2 3282 1505 3535 1588
3 4352 1613 4643 1734
2 3015 1308 3226 1431
3 2260 1605 2506 1755
3 2846 1523 2992 1779
3 4111 1367 4362 1529
3 4623 1565 4912 1697
3 3369 1254 3545 1494
3 4107 1540 4380 1711
