3 3382 1340 3730 1463
2 2789 1302 2979 1535
3 3279 1579 3583 1671
3 3393 1385 3724 1505
2 2837 1312 3083 1513
1 3867 1579 4148 1658
2 4426 1339 4535 1551
3 3131 1694 3471 1815
3 4642 1329 4924 1539
1 4081 1334 4187 1551
1 2026 1596 2214 1718
3 2728 1549 3083 1734
2 4756 1650 4879 1840
2 2522 1731 2733 1870
2 2236 1495 2486 1601
2 2839 1595 3083 1779
2 2413 1410 2713 1520
3 4555 1301 4822 1569
2 4520 1608 4821 1773
2 2410 1556 2650 1741
3 3954 1335 4150 1568
3 3452 1299 3811 1451
2 3634 1616 3797 1833
2 4207 1406 4457 1568
2 3778 1260 3961 1482
3 3147 1774 3492 1950
3 2739 1723 3015 1938
3 3046 1210 3311 1509
3 4759 1154 4994 1476
